EAN
7350091790049
4260487930108
3663002850515
3663003668515
3663004057264
3663004172639
3663003668539
3663003668508
3663004285599
3615993660130
3700459001975
3700459002026
3700459001951
3700459001746
3700459001746
3700459001708
3700459001708
3700459001333
3700459001890
8003705117990
8003705111776
8003705113923
8003705114906
8003705114913
8003705114302
8003705114296
3838782009716
3030050000269
3030050158076
3030050059823
3030053190004
3030050145526
3030050145885
3030050153798
3030050148336
3030050052794
3030050153644
3030050159622
3030050141962
3030050121254
3030050153361
3030050153378
3030050153835
3030050153262
3030050123500
3030050157734
3030050153286
3030050153569
3030050110074
3030050153958
3030050154849
3030050153927
3030050153590
3030050154290
3030050145625
3030050154856
3030050122237
3030050122244
3030050153279
3030050157437
3030050154924
3661276144187
5400269202149
5400269202101
5400269202255
5400269240950
3384349127947
3384349127947
8690842167874
8690842132315
8690842112263
8690842202070
8690842041068
8690842158957
8690842042089
8690842042089
8690842097973
8690842097973
8690842054686
8690842029585
8690842214011
3700590908966
3700590908973
3700590910068
3700590909222
3700590907891
3700590910471
4211125650469
4211125650513
4211125654092
4211125658151
4211125658076
4211125655167
4211125658328
4211125658342
4211125647100
4211125663919
4211125662011
4211125638504
4211125606671
4211125605506
4211125584139
4211125606589
4211125577087
4211125576097
4211125606312
4211125606312
4211125643126
4211125646196
4211125649050
4211125649319
4211125647087
4211125608057
4211125608057
4211125608156
4211125608156
4211125575137
4211125589226
4211125589226
5011773054133
11120233711
11120253436
11120250381
11120252972
11120254471
11120236743
11120240122
11120238808
11120251500
5035048617441
5035048638736
5035048654866
5035048638941
5035048648254
5035048697955
5035048713655
5035048698082
5035048617632
5035048458600
5035048458624
5035048617625
5035048643488
5035048398159
5035048614181
850002910070
850002910070
850002910070
850002910063
850002910063
850002910063
850002910018
850002910018
850002910018
849369009046
849369009046
849369009046
3760071201092
7611408016727
7611408016765
7611408016741
7611408016833
7611408016055
7611408015379
7611408016840
4242002897424
4242005134847
4242002992167
4242005232338
4242002992860
4242005110704
4242005105083
4242005035427
4242005202935
4242005162901
4242005168668
4242005202300
4242005076277
4242002917269
4242002917269
4242002941554
4242002941554
4242005161430
4242005101771
4242005140459
4242002903965
4242002903965
4242005197736
4242005197736
4242002678160
4242002678160
4242005109951
4242005109357
4242005109357
4242002853376
4242002853376
4242002956015
4242002956015
4242002956015
4242002956015
4242002411897
4242002411897
4242005135592
4242005135592
4242005177516
4242002917238
4242002917238
4242002920320
4242002920320
4242002420134
4242002420134
4242002823942
4242002823942
4242005137145
4242005183135
4242005060993
4242002997957
4242005195602
4242005194841
4242005183203
4242005183180
4242005202508
4242005093069
4242005222278
4242005180912
4242005032051
4242005180653
4242005135615
4242005135615
4242005135660
4242005135660
4242002968971
4242005087846
4242005180882
8710755108808
3660767958791
3660767965225
3660767942523
3660767958104
3660767939530
3660767970557
3660767973831
3660767959668
3660767953314
3660767964556
3660767964563
4210201285519
4022167172006
4210201282013
4022167620156
4022167016508
8021098280268
8021098773005
8021098773005
8021098773012
8021098773012
4022167003003
4022167173003
4210201097396
4210201097358
4210201285182
4210201185789
8021098773364
8021098773357
4210201129806
4022167145000
4210201211211
8021098320063
4210201281719
4210201221692
8021098774897
8021098774897
4210201649793
8021098770592
8021098770592
4210201282112
8021098773241
8021098773241
8021098774873
8021098774873
8021098774613
8021098774613
4210201317265
4210201199779
4210201124481
4210201276395
4210201151562
4210201163817
4210201113010
4210201131694
4210201242147
4210201241089
4210201242499
4210201198918
4210201195771
4210201199243
4210201196297
4210201217558
4210201199830
4210201200529
4210201196341
4210201190288
4210201192688
4210201192619
4210201192633
4210201190530
4210201190240
4210201190493
4210201190202
4210201190448
4210201190325
4210201223023
4210201234784
4210201234746
4210201212577
4210201211099
4210201212348
4210201234470
4210201285786
6939505852040
4007922058429
4007922060699
4007922063300
4007922052670
4007922059266
4007922036281
5060569670316
5060569670330
3700265018792
4977766762731
4977766771122
4977766771177
4977766761406
3121040063835
3121040077412
3121040074442
3121040071618
3121040071809
3121040076248
3121040063453
3121040066805
3121040061640
3121040072851
3121040068526
3121040074893
3121040074909
3121040066980
3121040069981
3121040069462
3121040073117
3121040073131
3121040076804
3121040070598
3121040070093
3121040076828
3121040064511
3121040063347
3121040063354
3121040076637
3121040068083
3121042674008
3121040076019
3121040076460
3121040074626
3121040053409
3121040052198
3121040048207
3121040075289
3121040072950
3121040076507
3121040048214
3121040065808
3121040077092
3121040065693
3121040078594
3121040077580
3121040066195
3121040068830
3121040073575
3121040049563
3121040063149
3121040063255
3121040065907
3121040073148
3121040063552
3121040074756
3121040074022
3121040075838
3121040064450
8016361995710
8016361997899
4038437022803
4038437022827
4038437029307
4038437017496
4038437017496
4006160617061
3595320106169
3595320106176
3615993660062
3615993660079
3615993660086
5011773060356
5060569670712
5060569670729
5060569670736
3030050094404
3030050153293
3030050153309
3030050152616
3030050152647
3030050152609
3030050152630
3030050142198
3030050152548
3030050152548
3030050149227
3030050149227
3030050142105
3030050152524
3030050142129
3030050142129
3030050142112
3030050159776
3030050141368
3030050154184
3030050053241
4895155649404
3760189700074
3760189700074
3760189700081
3760189700081
3760189700135
3760189700135
5412144005004
5412144005004
5412144457827
5412144457827
5412144457827
5412144457827
8004399370180
8004399370197
8004399329775
8004399327498
8004399332669
8004399332423
8004399333253
8004399324947
8004399481176
8004399332218
8004399332225
8004399332232
8004399332249
8004399481138
8004399481145
8004399481169
8004399331440
8004399331457
8004399332652
8004399762312
8004399762329
8004399481022
8004399481039
8004399100985
8004399252950
8004399327979
8004399327849
8004399331013
8004399333109
8004399180130
8004399324626
8004399328662
8004399328679
8004399252714
8004399252943
8004399252899
8004399252929
8004399252912
8004399252912
8004399143326
8004399120655
8004399131408
8004399333246
8004399762718
8004399762725
8004399762732
8004399773738
8004399773745
8004399771666
8004399334694
8004399332447
8004399333871
8004399333550
8004399324633
8004399324657
8004399327276
8004399334717
8004399333451
8004399325326
8004399325951
8004399326927
8004399329348
8004399329362
8004399762633
8004399762640
8004399481091
8004399481107
8004399101067
8004399921535
8004399921559
8004399921566
4012467940320
4012467940368
4012467940429
4012467940375
3523930068140
3523930071928
3523930091667
3523930080708
3523930082719
3523930089855
3523930069260
3523930089954
3523930095054
3523930083693
3523930083693
3523930083693
3523930041754
3523930056321
3523930080968
3523930080685
3523930079924
3523930079931
3523930088810
3523930088964
3523930095474
3523930089817
3523930095313
3523930089190
6197436016508
6197437232150
8716164996487
8716164997002
8716164994728
8716164994780
5025155046081
5025155046081
5025155038383
5025155038376
5025155017838
5025155020395
5025155027561
5025155046289
5025155034811
5025155040874
5025155034347
5025155040850
5025155038635
5025155045350
5025155024997
5025155034095
5025155046470
5025155046593
5025155044827
5025155040782
5025155049259
6943757612901
6943757611713
6943757612130
6943757612093
6943757611270
6943757611959
6943757612192
7332543723607
7332543723607
7332543723607
7332543716920
7332543716920
7332543716920
7332543524211
7332543745265
7332543683437
7332543563883
7332543723393
7332543723393
7332543616312
7332543577675
5999883271667
7332543723645
7332543723638
7332543683284
7332543723621
7332543723621
7332543563845
7332543683451
7332543573554
7332543594528
7332543692781
7332543697922
7332543668441
7332543591916
7332543654277
7332543706570
7332543606658
7332543606658
7332543606658
7332543554089
7332543494934
7332543494934
7332543742578
7332543429721
7332543632107
7332543723614
7332543723614
7332543723614
7332543723614
7332543646739
7332543636556
7332543693887
7332543693870
7332543595037
7332543702091
7332543667697
7332543512027
7332543512102
7332543512041
7332543660803
8020283038707
8020283038707
3224780037514
3224780036302
3224780036326
7290016025538
7290016025637
7290016025231
7290002729365
848061027235
8009767001932
8009767001925
8009767002144
3046171902917
3046171901750
3046171901767
5011139206794
3046171900685
29743452211
29743452211
3760190144805
3760190144782
3760190144799
3760190144263
3760190144294
3760190144300
3760190144386
3760190142139
3760190144317
3760190145406
3508510550000
3508510004350
3508510010382
3508510014274
3508510016544
3508510017954
3508512020006
3508510091916
3508510027212
3508510058261
3508519210004
3508510099240
3760281941245
3760281941245
3760281941245
3760281941245
3760281940057
43859681716
43859681730
8436550202243
8436550202236
8436550202021
8436550202212
8436550201932
5412144190502
5412144190588
5412144584899
5412144082456
5412144125023
5412144125559
5412144160406
4001627016333
4001627023263
4001627023263
3760124953534
3760124953534
3760124954913
3760124955224
3760124953558
3760124954043
3760124955040
3760124954869
3760124952599
3760124952599
3760124952599
3760124952599
3760124953398
3760124953398
3760124953398
3760124953398
3701335310600
3701335310600
3760124954487
3760124954487
3760124951066
3760124955187
3760124953138
3760124955057
3760124950984
3760124952063
3760124954401
3760124953374
3760124955026
3760124953350
3760124954296
3760124955019
3760124954227
3760124954227
3760124954227
3760124954227
3701335310068
3760124954944
8034013880825
3760139035294
3770004677764
31262068385
5010777145977
5010777150186
5010777148268
31262074768
31262074768
31262071156
31262067135
31262076526
31262076526
31262081759
8016361907263
8016361999282
8016361933231
5010418200553
8016361698994
8016361944732
8016361939523
8016361931824
8016361999121
8016361979246
8016361999213
8016361000056
8016361994669
8059019005607
8016361950603
8016361982420
8016361930780
8016361915862
8016361992351
8016361909755
8016361978904
856362005043
8027785131875
3663003624269
3663003624252
3256390186238
5060359282804
5060359287953
5060359287199
5060629983905
5060359283900
5060359284730
5060359289131
5060359289728
5060359287311
5060359289292
5060629983448
3663003673434
4933621710330
4933621706449
4933621710347
3701056399946
3701056399953
3701056399960
3701056399991
7610917151714
7610917151813
7610917153275
7610917152353
7610917152223
7610917153329
7610917153398
7610917152551
7610917152995
7610917151653
7610917151110
7610917152025
7610917151875
7610917152933
7610917151141
7610917152452
4054278516196
4054278438344
4054278208312
4054278319094
4054278312491
4054278290911
4054278313023
4054278309484
4054278206714
4054278206738
4054278245508
4054278646398
4054278469546
5011423121406
5011423145013
5011423145013
5011423198422
5011423198422
5011423197029
5011423197029
5011423203300
5011423203300
5011423197005
5011423197005
5011423196664
5011423196664
5011423193205
5011423193205
5011423186610
5011423186610
5011423191607
5011423191607
5011423198231
5011423198231
5011423203553
5011423203553
5011423190259
5011423190259
5011423190259
5011423198651
5011423198651
5011423190181
5011423190181
5011423203171
5011423203171
5011423203164
5011423203164
5011423203188
5011423203188
5011423203157
5011423203157
5011423057026
5011423057026
5011423195957
5011423195957
5011423202518
5011423202518
5011423166186
5011423166186
5011423204475
5011423204475
5011423189390
5011423189390
5011423189390
5011423189390
5011423193083
5011423193083
5011423193083
5011423193083
5011423174846
5011423174846
5011423172293
5011423205229
5011423205229
5011423205229
3485610037818
3485610037818
3485610037818
3485610037818
3485619988159
3485617791201
3485619900038
3322126675120
3485619984007
3485619981952
3485619981952
3485619802509
3485619802509
3485617779957
3485617779957
3485619989002
3485617779506
3485619933319
3485619933319
3485619931209
3322126675007
3485611190055
3485611119049
3662738023439
3662738018817
3662738019692
5413184151591
5413184124939
5413184901714
5413184603304
5413184603304
5413184603052
5413184603052
8003437238550
8003437238550
5413184170363
5413184170363
5413184170240
8003437602177
5413184160593
5413184160593
8003437239694
8003437239694
8003437239694
8003437600432
8003437600432
8003437600432
5413184200794
5413184200794
5413184124557
5413184124557
5413184200770
5413184200770
5413184200480
5413184200480
5413184200787
5413184200787
5413184100551
5413184100551
5413184100551
5413184100551
5413184123659
5413184123659
5413184400453
5413184601461
3700904010040
3563880000050
3563880074945
3563880105311
3563880017713
3563880091096
3563880101931
3563880091140
3563880091164
3563880091188
3563880091133
3563880101948
3563880101962
3045388189418
3045388189418
3700342440188
3700342440157
3045386368471
3700342440027
3700342440034
3700342414943
3700342428438
3700342428452
3700342439816
3700342417531
3700342439212
3700342426809
3700342426816
3700342442700
3700342428667
3700342440171
3168430685796
3700342431179
3700342431193
10942216223
3700342416107
3700342415810
3700342443257
3045385782698
3700342428445
3700342443011
3700342437614
3700342437676
3700342440119
3045386373857
3700342440102
3700342440089
3700342442090
3700342442106
3700342442113
3700342427042
3700342440096
3700342441321
8809597080028
8809597080028
8809597080028
8809597080028
8809597080004
8809597080004
8809597080004
8809597080004
8809597080462
8809597080462
8809597080462
8809597080462
8809597080073
8809597080073
8809597080073
8809597080073
3474636819683
3196200098088
3196200194322
3196200196371
3196200294220
3196201090067
3196201690038
3196202290022
3196202490026
3196202490026
3196203190055
3196204090255
3196204190221
3196204391017
3196204590038
3196204596047
3196204890039
3196205090131
3196206090109
3196206090109
3196206090109
3196201390013
3196204190207
3196202590030
3196200191529
3196200391226
3196200394654
790776000884
790776006718
790776013556
790776013570
790776013532
790776001119
790776002123
790776003335
3339380155008
3339380146730
3339380135062
3339380067509
3339380136113
3339380143814
3339380143692
3523930094743
3523930090967
3523930091148
3523930091148
3523930091179
3523930093227
3523930093258
3523930093692
3523930093593
3523930096013
3523930093883
3523930093883
3523930096228
3523930096235
3523930091087
3523930094620
3523930094606
3523930096006
3523930096051
3523930091117
3523930091162
3523930096556
3523930096563
3523930096587
3523930096952
3523930096952
3523930091070
3523930091070
3523930091100
3523930091100
3523930096068
3325980022222
3325980022277
3325980256092
3607492036608
3519280114118
3519280114149
3519280114224
3519280114231
3519280114804
3519280115825
3519280116129
3519280116129
3519280116129
3519280116181
3519280116181
3519280116181
3519280116280
3519280116280
3519280116280
3519280116297
3519280116297
3519280116297
3519280116372
3519280116372
3519280116372
3519280116679
3519280187112
3519280187112
3519280187129
3519280187129
3519280187150
3519280187150
3519280854168
3519280854168
3519280851099
3519280851099
3519280851099
3519280113173
3519280113166
3519280183718
3519280183718
3519280183701
3519280183701
3519280189000
3519280189000
3519280189031
3519280189031
3519280189048
3519280189048
3519280189093
3519280189093
3519280184708
3519280184708
3519280185903
3519280185903
3519280113661
3519280113685
3519280113692
3519280113678
3519280116808
3519280116686
3519280115061
3519280113500
3519280113517
3519280180809
3519280180809
3519280180809
3519280180809
3519280180816
3519280180816
3519280180816
3519280180816
3519280180847
3519280180847
3519280180847
3519280180847
3519280180830
3519280180830
3519280180830
3519280180830
3519280180939
3519280180939
3519280180939
3519280180939
3519280181110
3519280181110
3519280181134
3519280181134
3519280181141
3519280181141
3519280113159
3519280181158
3519280181158
3519280181165
3519280181165
3519280182506
3519280182506
3519280182513
3519280182513
3519280182520
3519280182520
3519280182537
3519280182537
3519280182551
3519280182551
3519280182568
3519280182568
3519280182575
3519280182575
3519280182605
3519280182605
3519280113890
3519280116341
3519280116341
3519280116341
3519280113227
3519280113258
3519280116303
3519280116303
3519280116303
3519280116693
3519280116518
3519280116518
3519280116563
3519280116563
3519280113999
3519280117065
3519280117072
3519280117089
3519280117096
3519280115382
3519280115399
4006508222476
4006508210305
4006508209545
4006508222100
4006508210169
4006508210176
4006508217786
4006508218738
4006508218790
4006508218783
4006508214471
4006508212644
4006508212958
4006508221608
4006508221615
4002514458786
4002516084372
4002515824535
4002515824207
4002515938249
4002515938331
4002515826119
4002515994566
4002516083795
4002515824733
4002515824702
4002515781241
4002516237440
4002516237426
4002516297154
4002516237457
4002516297161
5011832050595
5011832043139
5011832052018
5011832052018
5011832052018
5011832043108
5996415000825
5996415024739
3168431059176
3045386373215
3045386379743
3045388132131
3045380013056
3045380013056
3045386377749
3221614002021
3016661158056
3016661158056
3221614001185
3016661159220
3016661159220
3700342443967
3700342443967
3045386381876
3045386382804
3045386381883
3045387240370
3045386382811
3045386381715
3045386381722
3700342443837
3168430687721
3016661154966
3016661154966
3016661149566
3016661149566
3045388190353
3045388190353
3045388593338
3045388593338
3045388593666
3045388593666
3016661158148
3016661158148
3016661152283
3016661152283
3016661152283
3045386380091
3016661155093
3016661155093
3045388593826
3045388593826
3016661154928
3016661154928
3016661154928
3016661157011
3016661157011
3016661157585
3016661157585
3121040057452
3016661154669
3016661137068
3016661137068
3016661137068
3016661152894
3016661152894
3016661152894
3016661150500
3016661150500
3016661150500
3045386377435
3221614001987
3221610134306
3221610069004
3045386381050
3045386380800
3045385783381
3045386382347
3016661146848
3045385783664
3045386375004
3045386363483
3045386363483
3045386373567
3045386373567
3168430801202
3016661153495
3016661153495
3016661149818
3016661149818
3045388172113
3045386374700
3045386380114
3045386380084
3045380016026
3045380016026
3045380016026
3045380016033
3045380016033
3045380016033
3045380015722
3045386377466
3045386369522
3045386378111
3045386363506
3045386379736
3016661155413
3016661155413
3016661149641
3016661149641
3016661149641
3121040074916
3045386373338
3045386373338
3016661154171
3700342427424
810841012878
810841013110
810841013073
3700730500234
3700730500227
3700730500166
3700546704444
3700546702389
3700546702464
3662738008696
3662738015007
7640128133100
7640128133100
7640128133100
7640128133025
7640128133025
7640128133025
7640128133018
7640128133018
7640128133018
7640128131595
7640128131595
7640128131595
7640128131229
7640128131229
7640128131229
7640128132554
7640128132554
7640128132554
7640128131243
7640128131243
7640128131243
7640128132240
7640128132240
7640128132240
7640128131601
7640128131601
7640128131601
7640128132257
7640128132257
7640128132257
7640128132547
7640128132547
7640128132547
3291480775909
3291480775909
3291480775909
3291480775909
3291480780101
3291480780101
3291480780101
3663004284806
3663003673441
3663003673441
3663002850393
3663002850423
3663003673472
3465813915694
3663003673458
3663004254540
3663002850331
3663002850379
3663003673496
3663004384773
3663004241656
3663004241670
3663004284271
3663003673571
3663004342278
8021183994230
8021183994247
737416082244
737416082244
737416082244
737416082244
737416082275
737416082275
737416082275
737416082275
737416082282
737416082282
737416082282
737416082282
737416055019
737416055019
737416055019
737416055019
4015672110908
4210201200758
4210201261414
4210201261506
4210201157601
4210201202332
4210201164272
4210201126522
4210201124092
4210201139805
4210201124825
4210201269595
4210201203391
4210201203254
4210201177760
4210201201038
4210201200925
5025232937240
5025232887521
5025232578429
5025232859566
5025232886838
5025232873982
5025232889518
5025232876983
5025232687978
5025232846436
5025232864621
5025232527502
5025232538492
5025232846153
5025232871315
4010869297882
5025232678679
8021233105012
8021233114014
8710103931638
8710103810261
8710103791980
8710103740193
8710103749172
8710103788089
8710103788089
8710103828730
8710103871668
8710103878148
8710103857389
8710103874676
8710103793137
8710103854128
8710103933205
8710103673996
8710103644088
8710103913221
8710103853237
8710103858867
8710103949886
8710103738978
8710103901976
8710103824480
8710103772897
8710103880738
8710103886365
8710103934820
8710103941088
8710103844761
8710103637851
8710103578116
8710103783367
8710103892588
8710103911883
8710103871637
8710103871644
8710103533825
8710103871675
8710103882602
8710103882640
8710103882701
8710103779087
8710103779339
8710103779384
8710103701583
8710103794660
8710103794974
8710103837428
8710103760306
8710103751137
8710103800675
8710103831693
8710103761143
8710103832690
8710103931782
8710103930389
8710103824633
8710103935872
8710103893004
8710103861119
8710103921028
8710103861157
8710103875260
8710103813170
8710103865070
8710103813132
8710103907473
8710103753575
8710103748182
8710103774037
8710103774044
8710103748205
8710103870876
8710103870876
8710103822639
8710103822844
8710103893325
8710103863076
8710103844594
8710103844662
8710103848479
8710103871590
8710103916512
8710103933229
8710103797630
8710103910848
8710103887317
8710103841913
8710103841920
8710103854333
8710103858546
8710103735397
8710103912545
8710103911197
8710103915461
8710103877721
8710103892885
8710103904588
8710103828006
8710103698470
8710103698531
8710103819233
8710103923466
8710103894445
8710103878254
8710103795124
8710103893752
8710103916482
8710103881070
8710103688778
8710103870968
8710103910107
8710103886822
8710103909149
8710103814436
8710103738992
8710103602019
8710103685029
8710103828990
8710103885405
8710103885405
8710103885405
8710103795605
8710103795605
8710103795605
8710103795605
8710103781752
8710103781752
8710103781752
8710103877950
8710103877950
8007411011818
8007411010705
8007411010729
8007411011764
8007411011870
8007411011924
8007411011412
8007411012396
8007411012181
8007411012419
8007411011641
8007411011658
8007411011566
8007411011177
8007411010927
8007411011436
8007411011443
8007411011856
3615993661885
3615993661892
3663004331562
3663002002303
3663002002310
3663004065511
3615993660093
3663004383554
3615993661663
3615993661663
3615993661663
3615993661632
3663004279925
3663003439313
3663004201360
3663004292153
3663003668553
3663003673403
3663003673403
3663004292924
3663004292924
3615993661724
3465814300642
3663004250344
3663004384575
3663002850294
3663004100069
3663003668621
3663003673410
3663003673380
3663004187992
3615993660253
3615993660260
3663004195843
3663004385787
3465814328998
3663004189163
3663004189163
3615993661687
3663004168472
3663002001795
3663002001702
3663004285513
3663004285513
3663003668638
3615993661915
3663004108522
3663003668584
3615993661656
3615993660277
3663004154093
3663004382649
3663004418089
3663002001696
3663002001696
3663002001696
3663004332965
3663004332965
3663004079136
3663004314022
3663004308939
3660507324237
3663004238496
3663004238496
3615993660192
3660507324213
3663003673540
3615993661854
3615993661854
3615993661854
3663004299961
3663003668546
3663004282376
3663004236720
3663004242646
3465814247565
3663002850720
3663002850751
3663002850805
3663003668454
3663003668461
3615993661540
3663004252263
3663004252263
3663002850683
3663004412056
3663003668614
3465814115437
3615993661502
3615993661595
3663004332996
3663004332996
3663004384605
3663004384605
3663004384605
3663004384605
3663002850478
3663002850546
3663002850546
3663002850546
3465814247534
3615993661526
3615993660031
3615993660017
3663004383943
3663003673489
3465813994118
3465814329377
3663004388313
3465814334029
3663002001740
3663003673465
3663003673564
3663002850744
3663002850706
3663004188012
4008496876129
4008496939091
4008496938605
4008496824397
4008496938636
4008496790913
4008496971084
4008496976089
4008496970162
4008496938803
4008496938834
4008496867493
4008496976058
4008496882014
4008496824212
4008496938438
4008496654031
4008496881819
4008496881963
4008496877461
4008496725434
4008496877003
4008496985388
4008496873449
4008496872770
4008496873517
4008496873340
4008496812585
4008496817344
4008496870592
4008496717057
4008496823703
761318170211
761318352129
761318352228
761318452515
761318111597
761318321552
761318135272
761318345268
3576160015088
3576160017853
3576160017693
3576160023519
3576160018843
3576160023229
3576160025407
3576160017389
3576160014968
3576160014975
3576160014784
3576160022536
3576160022536
3576160022536
3576160017099
3576160017099
3576160017099
3576160017099
3576160017914
3576160023267
3576160020778
3576160020778
3576160020778
3263778150019
3263778150019
3576160025377
3576160020921
3576160019253
3576160019253
3576160015170
3576160020914
3576160022529
3576160022529
3576160015064
3576160014937
3576160015156
3576160015163
3576160015187
3322126674116
3322126674123
3322126674130
3322126671733
3322126674369
3121040075067
3221616000070
3221614003134
3221614003141
3221614006296
3221614005084
3221614006289
3121040070253
3221614006517
3121040060629
3121044105012
3700342444780
3221614004988
3221614007408
3121040038451
3221614007453
3221616000087
3121040062395
3221614006913
3121040065471
4210101967850
3121040069967
4210101961537
3121044106217
3121044106231
3121040060612
3221614006111
3221614006821
3221614007026
4210101392812
3121040056370
3121040069691
3121040078037
3121040073353
3121040076026
3121040073377
3121040076033
3045380011809
3121040070444
3221614007002
3121040060155
4210101922521
3221610122808
3121047230803
3221610126806
3221614007101
3221614004247
3221614004261
3221614003356
3221614005220
3221614007125
3221614007248
3221614007156
3221614007187
3221614004285
3221614004292
3221614004315
3221614007132
3121040070451
3121040074848
3221614001857
3221614004216
3221614001925
4210101949818
3121040060179
3045385782186
3121040054536
3121040027110
3121040076903
3121040076897
3121040057735
4210101965443
3121044104572
3121040062142
3221614004124
3221614006951
3221614000188
3221614000126
4008496781027
4008496791316
4008496894352
4008496893423
4008496893485
4008496878796
4008496937684
5038061101331
4008496788781
4008496852710
5038061101775
9312432031523
9312432029919
9312432030137
9312432029971
9312432030212
9312432029988
9312432030144
9312432032834
9312432033466
9312432033466
9312432029810
9312432033510
3700206739571
3700206739144
3700206739908
3700206739175
3700206739182
3700206739939
3700206739656
5010777147773
8806090021749
8806090021756
8806090021763
3660767956308
3045380017498
3045380017542
3045380013742
3045380013759
3045380015777
3045386374120
3045385769002
3045384308004
3121040068113
3045380013391
3045380014855
3045380014244
3045386371914
3045386366491
3045380010987
3045386363773
3045386358960
3045388553066
3045388553066
3045386374137
3045386358175
3045386309504
3045386327348
3045380014886
3700342424911
3700342437430
3760256510285
3760256510254
3760256510315
3760256510681
4974019102078
4974019102085
4242003804278
4242003848920
4242003837405
4242003837498
4242003806371
4242003832622
4242003832691
4242003703595
8712856061341
3416879748092
3416879748092
3416879748092
3576160025568
3576160025568
3416879811659
3416879744315
3416879748146
3576160023915
3416879810508
3416879810508
3416879810508
3416879811598
3416879811598
3416879811598
3416879811598
3416879810935
3416879811765
3416879811826
5099058517016
5099058734000
8017709197186
8017709197186
8017709197186
8017709248352
8017709248352
8017709248352
8017709198176
8017709198176
8017709198176
8017709214272
8017709214272
8017709214272
8017709197148
8017709197148
8017709197148
8017709197216
8017709197216
8017709197216
8017709260408
8017709260408
8017709260408
8017709283025
8017709283032
8017709283001
8017709283049
8017709234201
8017709234201
8017709234188
8017709234188
8017709248338
8017709248338
8017709234232
8017709234232
8017709234225
8017709234225
8017709234218
8017709234218
8017709234195
8017709234195
8017709264376
8017709280512
8017709280499
8017709280529
8017709280536
8017709280505
8017709280543
8017709280550
8017709229924
8017709230029
8017709229979
8017709266851
8017709266813
8017709229870
8017709229870
8017709259563
8017709264017
8017709264017
8017709248079
8017709248079
8017709248055
8017709248055
8017709248086
8017709248086
8017709248062
8017709248062
8017709197612
8017709227852
8017709227913
8017709227975
8017709228095
8017709230999
8017709231309
8017709231446
8017709231514
8017709231606
8017709231743
8017709231811
8017709141721
8017709224325
8017709224325
8017709224325
8017709224325
8017709224301
8017709224301
8017709224301
8017709224301
8017709269128
8017709269128
8017709269135
8017709269135
8017709269166
8017709269166
8017709269173
8017709269173
8017709269180
8017709269180
8017709269197
8017709269197
8017709187002
8017709186920
8017709248291
8017709189099
8017709189051
8017709189013
8017709186968
8017709189136
8017709190798
8017709190712
8017709190958
8017709190910
8017709190873
8017709190750
8017709263362
8017709263379
8017709263386
8017709263393
8017709263355
8017709263416
8017709263409
8719128115047
8719128118130
8718692614161
8719128115023
8719128115061
8719128115207
8719128115030
8719128112718
4006501680938
4006501615077
4006501661500
8433766160329
8433766160329
8433766120255
8433766120255
8433766120255
8433766060032
831609002573
831609000418
802322002485
802322002140
802322008555
802322002348
802322006940
802322002454
802322005608
802322002010
802322005653
802322007497
802322008753
802322008760
802322000146
3707346023065
3707346023041
3707346024000
3707346025229
4011833001153
4011833303325
4011833300942
8414234163691
8414234163691
8414234242464
8414234242464
8414234470348
8414234155122
8414234155122
8414234684479
8414234713452
8414234684110
8414234684226
8414234124326
8414234124326
8414234124326
8414234124258
8414234124258
8414234124258
8414234684141
8414234684141
8414234306432
8414234683991
3760196099772
3760196099772
3760115714502
3168430274532
3168430277779
3168430282865
3168430284302
3168430260290
3168438018138
3168438021121
3016661139925
3168430923348
3168431036276
3168430285170
3168430122130
3168430122130
3016661144967
3045384362433
3168431030755
3168430295001
3168430238893
3045386374038
3045386362806
3168431051965
3168431058520
3168431051903
3045386380008
3045386370139
3045386376506
3168430120396
3168430120396
3168430302747
3016661153358
3016661153358
3045386356751
3045386380992
3045386374021
3045385783572
3016661145292
3016661145308
3016661127977
3168430851948
3045386370665
3016661157974
3045386375332
3045386381906
3045386382514
3016661154652
3045386363650
3045386377756
3045386378623
3045386377558
3045386381777
3045380015739
3045380015739
3016661155994
3045386376209
3168430012387
3094570133449
3094570147705
3094570142540
3094570126304
3094570146692
3094570144575
3094570147118
3094570126069
3094570144148
3094570142458
3094570140669
3094570145268
3094570140805
3094570147545
3094570091879
3094570138291
3094570128704
4005435108822
4005435110832
3760207240407
3760207240537
3760207240322
5413346351241
5413346343758
5413346339942
5413346333872
5413346335470
5413346335319
5413346346315
5413346340382
5413346329998
5413346339041
5413346339065
5413346345516
5413346345578
5413346349965
5413346348067
5413346343031
5413346346186
5413346319340
5413346342782
5413346340542
5413346341778
97954553720
7332543559909
7332543575466
634868929038
634868929021
7610558008163
3059944011624
3059944025577
3059944025577
4002448113812
3059944024143
3700421908196
4897054030321
43917000589
43917031408
5996415032307
43917997056
43917795003
5037127008065
4015110007517
43917000336
5996415023770
5996415022681
43917002293
43917002156
4015110009368
43917002729
43917006888
4015110005513
43917001005
77924146718
77924146725
77924084430
77924146749
77924084454
77924029226
77924129506
77924060823
77924060816
77924029776
77924024740
77924003134
77924076626
8003437230929
8414234689375
8414234683816
3364330000794
3760124953848
3760124954319
4211129130479
4211129116251
4211129116244
4211129116268
4211129119641
4211129131018
4211129131018
4211129130967
4211129130967
4211129131049
4211129119658
4211129119658
4211129132411
4211129132411
4211129132411
4211129130448
4211129130448
4211129130448
4211129131285
4211129131285
4211129116282
4211129132886
4211129131261
4211129128681
4211129132923
4211129133777
4211129133784
4211129057707
4211129057707
4211129063708
4211129063708
4211129063708
7332857500307
7332857000586
7332857501113
7332857501434
7332857500413
7332857500642
7332857000791
6934177710612
6934177708701
6970995781922
6970995780932
6970995780925
